naiv
1000	0.000026
2000	0.000028
3000	0.000032
4000	0.000032
5000	0.000032
6000	0.000035
7000	0.000027
8000	0.000029
9000	0.000022
10000	0.000026
11000	0.000027
12000	0.000022
13000	0.000021
14000	0.000022
15000	0.000022
16000	0.000018
17000	0.000018
18000	0.000018
19000	0.000018
20000	0.000016
21000	0.000015
22000	0.000015
23000	0.000015
24000	0.000016
25000	0.000014
26000	0.000014
27000	0.000014
28000	0.000014
29000	0.000019
30000	0.000013
31000	0.000013
32000	0.000012
33000	0.000012
34000	0.000013
35000	0.000012
36000	0.000012
37000	0.000012
38000	0.000012
39000	0.000012
40000	0.000012
41000	0.000012
42000	0.000012
43000	0.000012
44000	0.000012
45000	0.000012
46000	0.000012
47000	0.000012
48000	0.000013
49000	0.000012
50000	0.000015
51000	0.000013
52000	0.000013
53000	0.000012
54000	0.000012
55000	0.000012
56000	0.000013
57000	0.000012
58000	0.000012
59000	0.000012
60000	0.000012
61000	0.000012
62000	0.000013
63000	0.000012
64000	0.000012
65000	0.000012
66000	0.000013
67000	0.000013
68000	0.000013
69000	0.000013
70000	0.000013
71000	0.000013
72000	0.000013
73000	0.000013
74000	0.000013
75000	0.000013
76000	0.000012
77000	0.000012
78000	0.000012
79000	0.000013
80000	0.000013
81000	0.000012
82000	0.000012
83000	0.000012
84000	0.000013
85000	0.000012
86000	0.000012
87000	0.000013
88000	0.000013
89000	0.000012
90000	0.000013
91000	0.000013
92000	0.000012
93000	0.000012
94000	0.000012
95000	0.000013
96000	0.000012
97000	0.000013
98000	0.000013
99000	0.000013
100000	0.000013
101000	0.000013
102000	0.000013
103000	0.000014
104000	0.000013
105000	0.000013
106000	0.000013
107000	0.000013
108000	0.000013
109000	0.000013
110000	0.000014
111000	0.000013
112000	0.000012
113000	0.000013
114000	0.000013
115000	0.000013
116000	0.000018
117000	0.000014
118000	0.000013
119000	0.000013
120000	0.000013
121000	0.000013
122000	0.000013
123000	0.000013
124000	0.000013
125000	0.000013
126000	0.000013
127000	0.000013
128000	0.000013
129000	0.000013
130000	0.000013
131000	0.000013
132000	0.000014
133000	0.000013
134000	0.000013
135000	0.000013
136000	0.000013
137000	0.000014
138000	0.000013
139000	0.000014
140000	0.000014
141000	0.000013
142000	0.000014
143000	0.000014
144000	0.000014
145000	0.000014
146000	0.000014
147000	0.000016
148000	0.000014
149000	0.000014
150000	0.000013
151000	0.000014
152000	0.000014
153000	0.000014
154000	0.000014
155000	0.000014
156000	0.000014
157000	0.000014
158000	0.000014
159000	0.000013
160000	0.000013
161000	0.000014
162000	0.000014
163000	0.000013
164000	0.000014
165000	0.000014
166000	0.000014
167000	0.000014
168000	0.000014
169000	0.000014
170000	0.000013
171000	0.000013
172000	0.000014
173000	0.000014
174000	0.000014
175000	0.000014
176000	0.000014
177000	0.000017
178000	0.000014
179000	0.000014
180000	0.000014
181000	0.000014
182000	0.000014
183000	0.000014
184000	0.000014
185000	0.000014
186000	0.000013
187000	0.000014
188000	0.000014
189000	0.000014
190000	0.000013
191000	0.000013
192000	0.000018
193000	0.000014
194000	0.000014
195000	0.000014
196000	0.000014
197000	0.000014
198000	0.000014
199000	0.000014
200000	0.000014
201000	0.000014
202000	0.000014
203000	0.000014
204000	0.000014
205000	0.000014
206000	0.000014
207000	0.000014
208000	0.000014
209000	0.000014
210000	0.000015
211000	0.000014
212000	0.000015
213000	0.000014
214000	0.000015
215000	0.000014
216000	0.000015
217000	0.000014
218000	0.000014
219000	0.000014
220000	0.000014
221000	0.000014
222000	0.000015
223000	0.000015
224000	0.000014
225000	0.000014
226000	0.000015
227000	0.000014
228000	0.000014
229000	0.000013
230000	0.000014
231000	0.000014
232000	0.000014
233000	0.000014
234000	0.000013
235000	0.000024
236000	0.000014
237000	0.000014
238000	0.000014
239000	0.000014
240000	0.000013
241000	0.000014
242000	0.000014
243000	0.000014
244000	0.000014
245000	0.000014
246000	0.000014
247000	0.000014
248000	0.000013
249000	0.000013
250000	0.000014
251000	0.000014
252000	0.000014
253000	0.000014
254000	0.000014
255000	0.000014
256000	0.000014
257000	0.000014
258000	0.000014
259000	0.000014
260000	0.000014
261000	0.000014
262000	0.000014
263000	0.000014
264000	0.000018
265000	0.000014
266000	0.000014
267000	0.000014
268000	0.000014
269000	0.000015
270000	0.000015
271000	0.000014
272000	0.000014
273000	0.000015
274000	0.000014
275000	0.000014
276000	0.000014
277000	0.000014
278000	0.000020
279000	0.000014
280000	0.000018
281000	0.000014
282000	0.000014
283000	0.000014
284000	0.000015
285000	0.000014
286000	0.000014
287000	0.000014
288000	0.000014
289000	0.000015
290000	0.000014
291000	0.000014
292000	0.000020
293000	0.000015
294000	0.000015
295000	0.000015
296000	0.000014
297000	0.000014
298000	0.000015
299000	0.000015
300000	0.000015
301000	0.000015
302000	0.000015
303000	0.000014
304000	0.000015
305000	0.000015
306000	0.000017
307000	0.000014
308000	0.000015
309000	0.000014
310000	0.000015
311000	0.000015
312000	0.000015
313000	0.000015
314000	0.000015
315000	0.000014
316000	0.000015
317000	0.000015
318000	0.000014
319000	0.000015
320000	0.000015
321000	0.000015
322000	0.000015
323000	0.000015
324000	0.000015
325000	0.000014
326000	0.000014
327000	0.000014
328000	0.000014
329000	0.000014
330000	0.000015
331000	0.000015
332000	0.000014
333000	0.000014
334000	0.000014
335000	0.000015
336000	0.000015
337000	0.000015
338000	0.000015
339000	0.000015
340000	0.000014
341000	0.000015
342000	0.000015
343000	0.000015
344000	0.000015
345000	0.000015
346000	0.000014
347000	0.000014
348000	0.000014
349000	0.000015
350000	0.000015
351000	0.000015
352000	0.000014
353000	0.000014
354000	0.000014
355000	0.000015
356000	0.000015
357000	0.000014
358000	0.000014
359000	0.000014
360000	0.000015
361000	0.000014
362000	0.000015
363000	0.000015
364000	0.000015
365000	0.000015
366000	0.000015
367000	0.000015
368000	0.000014
369000	0.000015
370000	0.000014
371000	0.000015
372000	0.000015
373000	0.000015
374000	0.000015
375000	0.000014
376000	0.000015
377000	0.000029
378000	0.000016
379000	0.000015
380000	0.000015
381000	0.000015
382000	0.000016
383000	0.000016
384000	0.000016
385000	0.000015
386000	0.000015
387000	0.000015
388000	0.000015
389000	0.000015
390000	0.000015
391000	0.000015
392000	0.000015
393000	0.000016
394000	0.000015
395000	0.000015
396000	0.000016
397000	0.000015
398000	0.000015
399000	0.000015
400000	0.000015
401000	0.000015
402000	0.000015
403000	0.000015
404000	0.000015
405000	0.000015
406000	0.000015
407000	0.000015
408000	0.000015
409000	0.000015
410000	0.000015
411000	0.000015
412000	0.000015
413000	0.000015
414000	0.000016
415000	0.000015
416000	0.000015
417000	0.000015
418000	0.000015
419000	0.000015
420000	0.000016
421000	0.000016
422000	0.000015
423000	0.000015
424000	0.000014
425000	0.000014
426000	0.000014
427000	0.000015
428000	0.000015
429000	0.000015
430000	0.000015
431000	0.000016
432000	0.000015
433000	0.000015
434000	0.000015
435000	0.000015
436000	0.000016
437000	0.000015
438000	0.000014
439000	0.000015
440000	0.000015
441000	0.000015
442000	0.000015
443000	0.000016
444000	0.000015
445000	0.000015
446000	0.000015
447000	0.000015
448000	0.000015
449000	0.000015
450000	0.000016
451000	0.000016
452000	0.000015
453000	0.000015
454000	0.000015
455000	0.000015
456000	0.000015
457000	0.000016
458000	0.000015
459000	0.000015
460000	0.000015
461000	0.000016
462000	0.000015
463000	0.000015
464000	0.000015
465000	0.000016
466000	0.000015
467000	0.000015
468000	0.000015
469000	0.000015
470000	0.000015
471000	0.000015
472000	0.000015
473000	0.000016
474000	0.000015
475000	0.000015
476000	0.000015
477000	0.000014
478000	0.000014
479000	0.000015
480000	0.000015
481000	0.000015
482000	0.000016
483000	0.000015
484000	0.000015
485000	0.000015
486000	0.000015
487000	0.000016
488000	0.000015
489000	0.000015
490000	0.000015
491000	0.000015
492000	0.000015
493000	0.000016
494000	0.000016
495000	0.000015
496000	0.000015
497000	0.000015
498000	0.000016
499000	0.000016
500000	0.000015
501000	0.000016
502000	0.000015
503000	0.000015
504000	0.000015
505000	0.000015
506000	0.000015
507000	0.000015
508000	0.000015
509000	0.000016
510000	0.000015
511000	0.000015
512000	0.000015
513000	0.000015
514000	0.000015
515000	0.000015
516000	0.000015
517000	0.000015
518000	0.000016
519000	0.000015
520000	0.000016
521000	0.000015
522000	0.000015
523000	0.000015
524000	0.000015
525000	0.000015
526000	0.000015
527000	0.000015
528000	0.000015
529000	0.000015
530000	0.000015
531000	0.000015
532000	0.000015
533000	0.000015
534000	0.000015
535000	0.000015
536000	0.000015
537000	0.000016
538000	0.000015
539000	0.000015
540000	0.000015
541000	0.000015
542000	0.000015
543000	0.000015
544000	0.000015
545000	0.000015
546000	0.000016
547000	0.000015
548000	0.000016
549000	0.000015
550000	0.000015
551000	0.000015
552000	0.000015
553000	0.000015
554000	0.000015
555000	0.000015
556000	0.000019
557000	0.000014
558000	0.000015
559000	0.000015
560000	0.000016
561000	0.000016
562000	0.000016
563000	0.000015
564000	0.000015
565000	0.000015
566000	0.000015
567000	0.000015
568000	0.000015
569000	0.000015
570000	0.000016
571000	0.000016
572000	0.000015
573000	0.000015
574000	0.000015
575000	0.000014
576000	0.000015
577000	0.000015
578000	0.000014
579000	0.000014
580000	0.000015
581000	0.000015
582000	0.000013
583000	0.000015
584000	0.000028
585000	0.000015
586000	0.000015
587000	0.000015
588000	0.000015
589000	0.000015
590000	0.000015
591000	0.000015
592000	0.000015
593000	0.000015
594000	0.000015
595000	0.000015
596000	0.000015
597000	0.000014
598000	0.000015
599000	0.000015
600000	0.000015
601000	0.000015
602000	0.000015
603000	0.000016
604000	0.000015
605000	0.000014
606000	0.000014
607000	0.000015
608000	0.000014
609000	0.000014
610000	0.000015
611000	0.000014
612000	0.000015
613000	0.000015
614000	0.000015
615000	0.000014
616000	0.000015
617000	0.000015
618000	0.000014
619000	0.000015
620000	0.000014
621000	0.000015
622000	0.000015
623000	0.000017
624000	0.000015
625000	0.000015
626000	0.000015
627000	0.000016
628000	0.000015
629000	0.000015
630000	0.000016
631000	0.000015
632000	0.000014
633000	0.000015
634000	0.000015
635000	0.000015
636000	0.000015
637000	0.000015
638000	0.000016
639000	0.000015
640000	0.000014
641000	0.000016
642000	0.000016
643000	0.000015
644000	0.000015
645000	0.000015
646000	0.000016
647000	0.000015
648000	0.000015
649000	0.000014
650000	0.000015
651000	0.000015
652000	0.000014
653000	0.000015
654000	0.000015
655000	0.000015
656000	0.000015
657000	0.000015
658000	0.000015
659000	0.000015
660000	0.000016
661000	0.000016
662000	0.000015
663000	0.000016
664000	0.000016
665000	0.000015
666000	0.000015
667000	0.000015
668000	0.000016
669000	0.000015
670000	0.000016
671000	0.000014
672000	0.000015
673000	0.000014
674000	0.000015
675000	0.000015
676000	0.000015
677000	0.000015
678000	0.000015
679000	0.000014
680000	0.000015
681000	0.000016
682000	0.000015
683000	0.000015
684000	0.000014
685000	0.000015
686000	0.000015
687000	0.000015
688000	0.000014
689000	0.000015
690000	0.000015
691000	0.000015
692000	0.000015
693000	0.000015
694000	0.000015
695000	0.000015
696000	0.000015
697000	0.000016
698000	0.000015
699000	0.000015
700000	0.000016
701000	0.000015
702000	0.000015
703000	0.000014
704000	0.000016
705000	0.000015
706000	0.000015
707000	0.000016
708000	0.000015
709000	0.000016
710000	0.000015
711000	0.000015
712000	0.000016
713000	0.000016
714000	0.000015
715000	0.000016
716000	0.000015
717000	0.000015
718000	0.000016
719000	0.000016
720000	0.000015
721000	0.000015
722000	0.000015
723000	0.000015
724000	0.000015
725000	0.000014
726000	0.000015
727000	0.000015
728000	0.000015
729000	0.000029
730000	0.000016
731000	0.000016
732000	0.000015
733000	0.000015
734000	0.000015
735000	0.000016
736000	0.000015
737000	0.000016
738000	0.000016
739000	0.000014
740000	0.000015
741000	0.000015
742000	0.000015
743000	0.000015
744000	0.000015
745000	0.000015
746000	0.000016
747000	0.000015
748000	0.000015
749000	0.000016
750000	0.000016
751000	0.000016
752000	0.000015
753000	0.000015
754000	0.000015
755000	0.000015
756000	0.000015
757000	0.000015
758000	0.000015
759000	0.000015
760000	0.000015
761000	0.000015
762000	0.000016
763000	0.000015
764000	0.000016
765000	0.000016
766000	0.000016
767000	0.000016
768000	0.000016
769000	0.000015
770000	0.000016
771000	0.000015
772000	0.000014
773000	0.000014
774000	0.000015
775000	0.000015
776000	0.000015
777000	0.000015
778000	0.000015
779000	0.000015
780000	0.000016
781000	0.000016
782000	0.000015
783000	0.000015
784000	0.000015
785000	0.000015
786000	0.000015
787000	0.000014
788000	0.000015
789000	0.000015
790000	0.000015
791000	0.000014
792000	0.000015
793000	0.000015
794000	0.000016
795000	0.000016
796000	0.000015
797000	0.000016
798000	0.000015
799000	0.000015
800000	0.000015
801000	0.000015
802000	0.000015
803000	0.000015
804000	0.000015
805000	0.000015
806000	0.000015
807000	0.000015
808000	0.000015
809000	0.000015
810000	0.000016
811000	0.000016
812000	0.000015
813000	0.000015
814000	0.000015
815000	0.000016
816000	0.000016
817000	0.000015
818000	0.000015
819000	0.000015
820000	0.000015
821000	0.000015
822000	0.000015
823000	0.000015
824000	0.000014
825000	0.000015
826000	0.000015
827000	0.000014
828000	0.000015
829000	0.000015
830000	0.000015
831000	0.000015
832000	0.000016
833000	0.000016
834000	0.000015
835000	0.000015
836000	0.000021
837000	0.000014
838000	0.000016
839000	0.000015
840000	0.000015
841000	0.000015
842000	0.000015
843000	0.000015
844000	0.000015
845000	0.000015
846000	0.000016
847000	0.000016
848000	0.000015
849000	0.000015
850000	0.000015
851000	0.000015
852000	0.000015
853000	0.000015
854000	0.000015
855000	0.000015
856000	0.000016
857000	0.000015
858000	0.000015
859000	0.000015
860000	0.000016
861000	0.000016
862000	0.000016
863000	0.000015
864000	0.000015
865000	0.000015
866000	0.000015
867000	0.000018
868000	0.000015
869000	0.000015
870000	0.000016
871000	0.000016
872000	0.000014
873000	0.000015
874000	0.000015
875000	0.000015
876000	0.000015
877000	0.000015
878000	0.000015
879000	0.000015
880000	0.000015
881000	0.000014
882000	0.000015
883000	0.000015
884000	0.000015
885000	0.000016
886000	0.000015
887000	0.000014
888000	0.000015
889000	0.000015
890000	0.000016
891000	0.000015
892000	0.000015
893000	0.000015
894000	0.000015
895000	0.000014
896000	0.000014
897000	0.000015
898000	0.000015
899000	0.000015
900000	0.000014
901000	0.000015
902000	0.000015
903000	0.000015
904000	0.000015
905000	0.000015
906000	0.000015
907000	0.000015
908000	0.000016
909000	0.000015
910000	0.000016
911000	0.000015
912000	0.000015
913000	0.000015
914000	0.000015
915000	0.000015
916000	0.000015
917000	0.000015
918000	0.000016
919000	0.000016
920000	0.000015
921000	0.000015
922000	0.000015
923000	0.000015
924000	0.000014
925000	0.000015
926000	0.000015
927000	0.000015
928000	0.000014
929000	0.000015
930000	0.000017
931000	0.000015
932000	0.000014
933000	0.000015
934000	0.000015
935000	0.000015
936000	0.000015
937000	0.000015
938000	0.000015
939000	0.000015
940000	0.000014
941000	0.000015
942000	0.000014
943000	0.000018
944000	0.000014
945000	0.000014
946000	0.000014
947000	0.000015
948000	0.000014
949000	0.000015
950000	0.000014
951000	0.000015
952000	0.000014
953000	0.000015
954000	0.000014
955000	0.000014
956000	0.000017
957000	0.000015
958000	0.000015
959000	0.000015
960000	0.000015
961000	0.000015
962000	0.000014
963000	0.000015
964000	0.000014
965000	0.000015
966000	0.000014
967000	0.000014
968000	0.000015
969000	0.000015
970000	0.000015
971000	0.000015
972000	0.000015
973000	0.000015
974000	0.000015
975000	0.000014
976000	0.000015
977000	0.000015
978000	0.000015
979000	0.000014
980000	0.000015
981000	0.000015
982000	0.000015
983000	0.000015
984000	0.000015
985000	0.000015
986000	0.000015
987000	0.000015
988000	0.000016
989000	0.000015
990000	0.000015
991000	0.000016
992000	0.000014
993000	0.000015
994000	0.000014
995000	0.000014
996000	0.000015
997000	0.000015
998000	0.000015
999000	0.000015
1000000	0.000015
