100
1.1256969883106648e-05
7.0082704769447445e-06
0.000163872338210543
2.1352001931518316e-06
1.3576995115727187e-07
1000
0.00012243172037415206
9.183546004351228e-05
0.0020570330088958144
3.610369749367237e-06
1.4460005331784487e-07
10000
0.0014297176903346554
0.0010030965798068791
0.037857727341664336
4.173899651505053e-06
1.5372992493212223e-07
100000
0.0021223409700905902
0.027531182629754767
0.5367658406612463
5.2584800869226456e-06
1.54040171764791e-07
1000000
0.15577641505980863
0.12708718045963907
7.094061830663122
7.002949714660644e-06
1.2876000255346298e-07
