tilpro modulo
10000	0.000817
20000	0.001632
30000	0.002448
40000	0.003140
50000	0.003638
60000	0.004345
70000	0.005067
80000	0.005772
90000	0.006508
100000	0.007244
110000	0.007979
120000	0.008708
130000	0.009365
140000	0.009908
150000	0.010592
160000	0.011547
170000	0.011923
180000	0.012621
190000	0.013427
200000	0.014016
210000	0.014968
220000	0.015547
230000	0.016292
240000	0.016920
250000	0.017647
260000	0.018286
270000	0.019065
280000	0.019789
290000	0.020463
300000	0.021386
310000	0.021866
320000	0.022802
330000	0.023430
340000	0.023979
350000	0.024930
360000	0.025627
370000	0.026413
380000	0.026819
390000	0.027409
400000	0.028419
410000	0.029423
420000	0.029780
430000	0.030674
440000	0.031901
450000	0.031986
460000	0.032440
470000	0.033086
480000	0.033777
490000	0.034519
500000	0.035278
510000	0.035930
520000	0.036616
530000	0.037440
540000	0.038172
550000	0.038853
560000	0.039566
570000	0.040228
580000	0.040880
590000	0.041406
600000	0.042100
610000	0.042864
620000	0.043620
630000	0.044456
640000	0.044959
650000	0.045720
660000	0.046240
670000	0.047197
680000	0.047774
690000	0.048533
700000	0.049202
710000	0.050376
720000	0.050942
730000	0.051686
740000	0.054547
750000	0.053900
760000	0.054636
770000	0.054101
780000	0.054798
790000	0.055638
800000	0.056332
810000	0.057130
820000	0.057528
830000	0.058490
840000	0.059464
850000	0.060094
860000	0.060893
870000	0.061468
880000	0.062182
890000	0.062922
900000	0.063591
910000	0.064976
920000	0.065400
930000	0.065926
940000	0.066523
950000	0.067752
960000	0.067939
970000	0.068696
980000	0.069154
990000	0.070076
